Cell8
16 8 24 32
-1
-1  4 [4] 2 [7] 5 [2] 
-2  6 [6] 1 [2] 3 [7] 
-3  7 [3] 2 [6] 4 [7] 
-4  3 [3] 1 [7] 8 [4] 
-5  8 [8] 1 [4] 6 [2] 
-6  5 [8] 2 [2] 7 [6] 
-7  6 [8] 3 [6] 8 [3] 
-8  4 [3] 5 [4] 7 [8] 
 0
-2
-1  5 [4] 2 [1] 9 [7] 
-2  10 [6] 1 [7] 6 [1] 
-5  6 [8] 1 [1] 13 [4] 
-6  14 [8] 2 [6] 5 [1] 
-9  13 [5] 1 [4] 10 [7] 
-10  9 [5] 2 [7] 14 [6] 
-13  14 [5] 5 [8] 9 [4] 
-14  13 [8] 10 [5] 6 [6] 
 0
-3
-3  4 [1] 11 [7] 7 [6] 
-4  8 [1] 12 [4] 3 [7] 
-7  8 [8] 3 [1] 15 [6] 
-8  7 [1] 16 [8] 4 [4] 
-11  3 [6] 12 [7] 15 [5] 
-12  16 [4] 11 [5] 4 [7] 
-15  7 [8] 11 [6] 16 [5] 
-16  15 [8] 12 [5] 8 [4] 
 0
-4
-1  5 [1] 9 [2] 4 [7] 
-4  8 [3] 1 [1] 12 [7] 
-5  13 [8] 1 [2] 8 [1] 
-8  16 [3] 5 [8] 4 [1] 
-9  12 [5] 1 [7] 13 [2] 
-12  4 [3] 9 [7] 16 [5] 
-13  16 [8] 9 [5] 5 [2] 
-16  8 [8] 12 [3] 13 [5] 
 0
-5
-9  13 [4] 10 [2] 12 [7] 
-10  11 [6] 9 [7] 14 [2] 
-11  12 [3] 10 [7] 15 [6] 
-12  16 [3] 9 [4] 11 [7] 
-13  14 [8] 9 [2] 16 [4] 
-14  15 [8] 10 [6] 13 [2] 
-15  16 [8] 11 [3] 14 [6] 
-16  15 [3] 13 [8] 12 [4] 
 0
-6
-2  3 [1] 10 [7] 6 [2] 
-3  11 [3] 2 [7] 7 [1] 
-6  7 [8] 2 [1] 14 [2] 
-7  15 [8] 3 [3] 6 [1] 
-10  14 [5] 2 [2] 11 [7] 
-11  15 [3] 10 [5] 3 [7] 
-14  6 [8] 10 [2] 15 [5] 
-15  7 [3] 14 [8] 11 [5] 
 0
-7
-1  4 [1] 9 [4] 2 [2] 
-2  10 [2] 3 [6] 1 [1] 
-3  11 [6] 4 [3] 2 [1] 
-4  3 [1] 12 [3] 1 [4] 
-9  12 [4] 10 [5] 1 [2] 
-10  9 [2] 11 [5] 2 [6] 
-11  10 [6] 12 [5] 3 [3] 
-12  4 [4] 11 [3] 9 [5] 
 0
-8
-5  8 [4] 6 [1] 13 [2] 
-6  5 [2] 7 [1] 14 [6] 
-7  6 [6] 8 [1] 15 [3] 
-8  16 [4] 7 [3] 5 [1] 
-13  16 [5] 5 [4] 14 [2] 
-14  6 [2] 15 [6] 13 [5] 
-15  7 [6] 16 [3] 14 [5] 
-16  15 [5] 8 [3] 13 [4] 
 0
 0
-1  -0.8405 -0.3536 0.2443 0.3298
-2  -0.8566 0.3536 -0.3758 -0.0096
-3  -0.3606 0.8536 0.3003 -0.2264
-4  -0.3446 0.1464 0.9204 0.1130
-5  -0.1127 -0.3536 -0.0993 0.9233
-6  -0.1287 0.3536 -0.7194 0.5838
-7  0.3672 0.8536 -0.0434 0.3670
-8  0.3833 0.1464 0.5767 0.7065
-9  -0.3672 -0.8536 0.0434 -0.3670
-10  -0.3833 -0.1464 -0.5767 -0.7065
-11  0.1127 0.3536 0.0993 -0.9233
-12  0.1287 -0.3536 0.7194 -0.5838
-13  0.3606 -0.8536 -0.3003 0.2264
-14  0.3446 -0.1464 -0.9204 -0.1130
-15  0.8405 0.3536 -0.2443 -0.3298
-16  0.8566 -0.3536 0.3758 0.0096
