Cell16
8 16 32 24
-1
-1  4 [4] 2 [5] 7 [2] 
-2  4 [5] 7 [9] 1 [2] 
-4  1 [5] 7 [4] 2 [9] 
-7  2 [2] 4 [9] 1 [4] 
 0
-2
-1  6 [6] 7 [3] 2 [1] 
-2  6 [10] 1 [6] 7 [1] 
-6  1 [3] 2 [6] 7 [10] 
-7  1 [1] 6 [3] 2 [10] 
 0
-3
-1  3 [7] 7 [4] 6 [2] 
-3  1 [4] 6 [7] 7 [11] 
-6  3 [11] 1 [7] 7 [2] 
-7  1 [2] 3 [4] 6 [11] 
 0
-4
-1  3 [3] 4 [8] 7 [1] 
-3  1 [8] 7 [3] 4 [12] 
-4  3 [8] 7 [12] 1 [1] 
-7  4 [1] 3 [12] 1 [3] 
 0
-5
-1  8 [8] 2 [6] 4 [1] 
-2  8 [6] 4 [13] 1 [1] 
-4  8 [13] 1 [8] 2 [1] 
-8  2 [13] 1 [6] 4 [8] 
 0
-6
-1  8 [5] 6 [7] 2 [2] 
-2  8 [14] 1 [5] 6 [2] 
-6  8 [7] 2 [14] 1 [2] 
-8  6 [14] 1 [7] 2 [5] 
 0
-7
-1  8 [6] 3 [8] 6 [3] 
-3  8 [8] 6 [15] 1 [3] 
-6  8 [15] 1 [6] 3 [3] 
-8  3 [15] 1 [8] 6 [6] 
 0
-8
-1  4 [5] 3 [4] 8 [7] 
-3  1 [7] 4 [4] 8 [16] 
-4  3 [16] 1 [4] 8 [5] 
-8  1 [5] 3 [7] 4 [16] 
 0
-9
-2  5 [13] 7 [10] 4 [1] 
-4  5 [12] 2 [13] 7 [1] 
-5  4 [13] 7 [12] 2 [10] 
-7  2 [1] 5 [10] 4 [12] 
 0
-10
-2  5 [9] 6 [14] 7 [2] 
-5  6 [11] 2 [14] 7 [9] 
-6  5 [14] 7 [11] 2 [2] 
-7  6 [2] 5 [11] 2 [9] 
 0
-11
-3  6 [3] 5 [15] 7 [12] 
-5  3 [12] 6 [15] 7 [10] 
-6  3 [15] 7 [3] 5 [10] 
-7  3 [3] 5 [12] 6 [10] 
 0
-12
-3  4 [16] 7 [4] 5 [11] 
-4  3 [4] 5 [16] 7 [9] 
-5  3 [16] 7 [11] 4 [9] 
-7  4 [4] 5 [9] 3 [11] 
 0
-13
-2  5 [14] 4 [9] 8 [5] 
-4  8 [16] 2 [5] 5 [9] 
-5  8 [14] 4 [16] 2 [9] 
-8  2 [14] 4 [5] 5 [16] 
 0
-14
-2  5 [10] 8 [13] 6 [6] 
-5  8 [15] 2 [13] 6 [10] 
-6  8 [6] 5 [15] 2 [10] 
-8  5 [13] 6 [15] 2 [6] 
 0
-15
-3  8 [7] 5 [16] 6 [11] 
-5  8 [16] 6 [14] 3 [11] 
-6  8 [14] 3 [7] 5 [11] 
-8  5 [14] 3 [16] 6 [7] 
 0
-16
-3  5 [12] 8 [15] 4 [8] 
-4  3 [12] 8 [8] 5 [13] 
-5  8 [13] 3 [15] 4 [12] 
-8  5 [15] 4 [13] 3 [8] 
 0
 0
-1  0.5251 0.3315 0.5840 0.5228
-2  -0.4520 -0.5544 0.6984 0.0254
-3  0.4520 0.5544 -0.6984 -0.0254
-4  0.3323 -0.7025 -0.3613 0.5153
-5  -0.5251 -0.3315 -0.5840 -0.5228
-6  -0.3323 0.7025 0.3613 -0.5153
-7  0.6400 -0.2988 0.2017 -0.6786
-8  -0.6400 0.2988 -0.2017 0.6786
