DodecahedralPrism
40 14 54 80
-1
-1  6 [4] 2 [5] 5 [3] 
-2  3 [6] 1 [3] 7 [5] 
-3  4 [7] 2 [3] 8 [6] 
-4  9 [7] 5 [8] 3 [3] 
-5  4 [3] 10 [8] 1 [4] 
-6  1 [5] 15 [4] 11 [9] 
-7  2 [6] 11 [5] 12 [10] 
-8  12 [6] 13 [11] 3 [7] 
-9  13 [7] 14 [12] 4 [8] 
-10  15 [13] 5 [4] 14 [8] 
-11  6 [5] 16 [9] 7 [10] 
-12  17 [10] 8 [11] 7 [6] 
-13  8 [7] 18 [11] 9 [12] 
-14  10 [13] 9 [8] 19 [12] 
-15  20 [13] 6 [9] 10 [4] 
-16  11 [10] 20 [9] 17 [14] 
-17  18 [14] 12 [11] 16 [10] 
-18  19 [14] 13 [12] 17 [11] 
-19  14 [13] 18 [12] 20 [14] 
-20  16 [14] 15 [9] 19 [13] 
 0
-2
-21  26 [5] 25 [4] 22 [3] 
-22  23 [3] 27 [6] 21 [5] 
-23  24 [3] 28 [7] 22 [6] 
-24  29 [8] 23 [7] 25 [3] 
-25  24 [8] 21 [3] 30 [4] 
-26  21 [4] 31 [5] 35 [9] 
-27  22 [5] 32 [6] 31 [10] 
-28  32 [11] 23 [6] 33 [7] 
-29  33 [12] 24 [7] 34 [8] 
-30  35 [4] 34 [13] 25 [8] 
-31  26 [9] 27 [5] 36 [10] 
-32  37 [11] 27 [10] 28 [6] 
-33  28 [11] 29 [7] 38 [12] 
-34  30 [8] 39 [13] 29 [12] 
-35  40 [9] 30 [13] 26 [4] 
-36  31 [9] 37 [10] 40 [14] 
-37  38 [11] 36 [14] 32 [10] 
-38  39 [12] 37 [14] 33 [11] 
-39  34 [12] 40 [13] 38 [14] 
-40  36 [9] 39 [14] 35 [13] 
 0
-3
-1  21 [5] 5 [4] 2 [1] 
-2  22 [6] 1 [5] 3 [1] 
-3  23 [7] 2 [6] 4 [1] 
-4  24 [8] 3 [7] 5 [1] 
-5  25 [4] 4 [8] 1 [1] 
-21  25 [2] 1 [4] 22 [5] 
-22  21 [2] 2 [5] 23 [6] 
-23  22 [2] 3 [6] 24 [7] 
-24  23 [2] 4 [7] 25 [8] 
-25  24 [2] 5 [8] 21 [4] 
 0
-4
-1  21 [3] 6 [5] 5 [1] 
-5  25 [8] 1 [3] 10 [1] 
-6  26 [5] 15 [9] 1 [1] 
-10  30 [13] 5 [8] 15 [1] 
-15  35 [9] 10 [13] 6 [1] 
-21  26 [2] 1 [5] 25 [3] 
-25  21 [2] 5 [3] 30 [8] 
-26  35 [2] 6 [9] 21 [5] 
-30  25 [2] 10 [8] 35 [13] 
-35  30 [2] 15 [13] 26 [9] 
 0
-5
-1  21 [4] 2 [3] 6 [1] 
-2  22 [3] 7 [6] 1 [1] 
-6  26 [9] 1 [4] 11 [1] 
-7  27 [6] 11 [10] 2 [1] 
-11  31 [10] 6 [9] 7 [1] 
-21  22 [2] 1 [3] 26 [4] 
-22  27 [2] 2 [6] 21 [3] 
-26  21 [2] 6 [4] 31 [9] 
-27  31 [2] 7 [10] 22 [6] 
-31  26 [2] 11 [9] 27 [10] 
 0
-6
-2  22 [5] 3 [3] 7 [1] 
-3  23 [3] 8 [7] 2 [1] 
-7  27 [10] 2 [5] 12 [1] 
-8  28 [7] 12 [11] 3 [1] 
-12  32 [11] 7 [10] 8 [1] 
-22  23 [2] 2 [3] 27 [5] 
-23  28 [2] 3 [7] 22 [3] 
-27  22 [2] 7 [5] 32 [10] 
-28  32 [2] 8 [11] 23 [7] 
-32  27 [2] 12 [10] 28 [11] 
 0
-7
-3  23 [6] 4 [3] 8 [1] 
-4  24 [3] 9 [8] 3 [1] 
-8  28 [11] 3 [6] 13 [1] 
-9  29 [8] 13 [12] 4 [1] 
-13  33 [12] 8 [11] 9 [1] 
-23  24 [2] 3 [3] 28 [6] 
-24  29 [2] 4 [8] 23 [3] 
-28  23 [2] 8 [6] 33 [11] 
-29  33 [2] 9 [12] 24 [8] 
-33  28 [2] 13 [11] 29 [12] 
 0
-8
-4  24 [7] 5 [3] 9 [1] 
-5  25 [3] 10 [4] 4 [1] 
-9  29 [12] 4 [7] 14 [1] 
-10  30 [4] 14 [13] 5 [1] 
-14  34 [13] 9 [12] 10 [1] 
-24  25 [2] 4 [3] 29 [7] 
-25  30 [2] 5 [4] 24 [3] 
-29  24 [2] 9 [7] 34 [12] 
-30  34 [2] 10 [13] 25 [4] 
-34  29 [2] 14 [12] 30 [13] 
 0
-9
-6  26 [4] 11 [5] 15 [1] 
-11  31 [5] 16 [10] 6 [1] 
-15  35 [13] 6 [4] 20 [1] 
-16  36 [10] 20 [14] 11 [1] 
-20  40 [14] 15 [13] 16 [1] 
-26  31 [2] 6 [5] 35 [4] 
-31  36 [2] 11 [10] 26 [5] 
-35  26 [2] 15 [4] 40 [13] 
-36  40 [2] 16 [14] 31 [10] 
-40  35 [2] 20 [13] 36 [14] 
 0
-10
-7  27 [5] 12 [6] 11 [1] 
-11  31 [9] 7 [5] 16 [1] 
-12  32 [6] 17 [11] 7 [1] 
-16  36 [14] 11 [9] 17 [1] 
-17  37 [11] 16 [14] 12 [1] 
-27  32 [2] 7 [6] 31 [5] 
-31  27 [2] 11 [5] 36 [9] 
-32  37 [2] 12 [11] 27 [6] 
-36  31 [2] 16 [9] 37 [14] 
-37  36 [2] 17 [14] 32 [11] 
 0
-11
-8  28 [6] 13 [7] 12 [1] 
-12  32 [10] 8 [6] 17 [1] 
-13  33 [7] 18 [12] 8 [1] 
-17  37 [14] 12 [10] 18 [1] 
-18  38 [12] 17 [14] 13 [1] 
-28  33 [2] 8 [7] 32 [6] 
-32  28 [2] 12 [6] 37 [10] 
-33  38 [2] 13 [12] 28 [7] 
-37  32 [2] 17 [10] 38 [14] 
-38  37 [2] 18 [14] 33 [12] 
 0
-12
-9  29 [7] 14 [8] 13 [1] 
-13  33 [11] 9 [7] 18 [1] 
-14  34 [8] 19 [13] 9 [1] 
-18  38 [14] 13 [11] 19 [1] 
-19  39 [13] 18 [14] 14 [1] 
-29  34 [2] 9 [8] 33 [7] 
-33  29 [2] 13 [7] 38 [11] 
-34  39 [2] 14 [13] 29 [8] 
-38  33 [2] 18 [11] 39 [14] 
-39  38 [2] 19 [14] 34 [13] 
 0
-13
-10  30 [8] 15 [4] 14 [1] 
-14  34 [12] 10 [8] 19 [1] 
-15  35 [4] 20 [9] 10 [1] 
-19  39 [14] 14 [12] 20 [1] 
-20  40 [9] 19 [14] 15 [1] 
-30  35 [2] 10 [4] 34 [8] 
-34  30 [2] 14 [8] 39 [12] 
-35  40 [2] 15 [9] 30 [4] 
-39  34 [2] 19 [12] 40 [14] 
-40  39 [2] 20 [14] 35 [9] 
 0
-14
-16  36 [9] 17 [10] 20 [1] 
-17  37 [10] 18 [11] 16 [1] 
-18  38 [11] 19 [12] 17 [1] 
-19  39 [12] 20 [13] 18 [1] 
-20  40 [13] 16 [9] 19 [1] 
-36  37 [2] 16 [10] 40 [9] 
-37  38 [2] 17 [11] 36 [10] 
-38  39 [2] 18 [12] 37 [11] 
-39  40 [2] 19 [13] 38 [12] 
-40  36 [2] 20 [9] 39 [13] 
 0
 0
-1  0.6410 0.9177 0.2303 -0.8330
-2  0.4624 0.7582 0.8346 -0.7175
-3  -0.2175 0.6110 0.8863 -0.8909
-4  -0.4200 0.7079 0.2159 -1.1296
-5  0.1602 0.8994 -0.1495 -1.0692
-6  1.0663 0.5141 0.0179 -0.7736
-7  0.8211 0.2172 0.9696 -0.5817
-8  -0.2806 -0.1342 1.0829 -0.8547
-9  -0.6276 0.0392 -0.0700 -1.2648
-10  0.3321 0.4502 -0.6093 -1.1471
-11  1.1863 0.0934 0.4387 -0.6257
-12  0.4283 -0.3557 1.1276 -0.6470
-13  -0.5472 -0.5282 0.4724 -1.0947
-14  -0.1040 -0.0916 -0.6110 -1.2679
-15  0.8984 0.2302 -0.4774 -0.9549
-16  1.0923 -0.5031 0.2083 -0.7145
-17  0.6160 -0.8412 0.6084 -0.7368
-18  0.0538 -0.9741 0.1892 -1.0062
-19  0.2861 -0.6740 -0.4599 -1.1191
-20  0.9055 -0.4114 -0.3865 -0.9282
-21  0.1266 0.9177 -0.2781 1.0317
-22  -0.0520 0.7582 0.3261 1.1472
-23  -0.7319 0.6110 0.3779 0.9737
-24  -0.9343 0.7079 -0.2925 0.7351
-25  -0.3541 0.8994 -0.6580 0.7955
-26  0.5519 0.5141 -0.4905 1.0911
-27  0.3068 0.2172 0.4612 1.2830
-28  -0.7949 -0.1342 0.5745 1.0100
-29  -1.1419 0.0392 -0.5784 0.5999
-30  -0.1822 0.4502 -1.1177 0.7176
-31  0.6719 0.0934 -0.0698 1.2389
-32  -0.0860 -0.3557 0.6192 1.2177
-33  -1.0616 -0.5282 -0.0360 0.7699
-34  -0.6184 -0.0916 -1.1194 0.5968
-35  0.3841 0.2302 -0.9858 0.9097
-36  0.5779 -0.5031 -0.3001 1.1502
-37  0.1016 -0.8412 0.0999 1.1279
-38  -0.4606 -0.9741 -0.3192 0.8585
-39  -0.2283 -0.6740 -0.9684 0.7456
-40  0.3911 -0.4114 -0.8949 0.9365
